1.0
20.0
30.0
3.0
2.0
10.0
10.0
1.0
3.0
10.0
8.0
2.0
4.0
15.0
12.0
3.0
3.0
2.0
3.0
2.0
1.0
40.0
20.0
3.0
2.0
13.0
10.0
1.0
4.0
40.0
25.0
3.0
3.0
11.0
30.0
3.0
1.0
450
30
3
1.0
340
340
3
1.0
230
213
3
1.0
110
123
3
1.0
43
43
3
1.0
10
12
3
1.0
15
45
3
2.0
5
12
1
2
6
15
1
2
3
17
1
2
4
10
1
2
1
7
1
2
20
2
1
2
30
14
1
3
15
23
2
3
27
12
2
3
45
32
1
3
23
43
1
3
47
54
3
3
12
12
1
3
32
43
2
3
12
54
1
4
45
34
3
4
67
65
3
4
32
32
1
4
43
54
1
4
65
65
3
4
23
76
1
4
454
543
3
4
65
23
3
4
76
43
1
2
15
12
1
2
34
13
1
2
23
10
1
2
24
10
1